SwinGame Animation #v1

f: 0, 0, 10, 0
f: 1, 1, 10, 1
f: 2, 8, 10, 2
f: 26, 26, 10, 26

i:Normal,0
i:PSNormal,1
i:SBNormal,2
i:BothNormal,26

f: 3, 1, 5, 4
f: 4, 2, 5, 5
f: 5, 3, 5, 6
f: 6, 4, 10, 7
f: 7, 5, 5, 8
f: 8, 6, 5, 9
f: 9, 7, 5,

i:ActivatePS,3

f: 10, 9, 5, 11
f: 11, 10, 5, 12
f: 12, 11, 10, 13
f: 13, 12, 5, 14
f: 14, 13, 5, 15
f: 15, 14, 5,

i:ActivateSB,10

f: 16, 16, 5, 17
f: 17, 17, 5, 18
f: 18, 18, 10, 19
f: 19, 19, 10, 20
f: 20, 20, 10, 18

i:SBDown,16

f: 21, 21, 5, 22
f: 22, 22, 5, 23
f: 23, 23, 10, 24
f: 24, 24, 10, 25
f: 25, 25, 10, 23

i:SBUp,21

f: 27, 27, 5, 28
f: 28, 28, 5, 29
f: 29, 29, 10, 30
f: 30, 30, 10, 31
f: 31, 31, 10, 29

i:BothDown,27

f: 32, 32, 5, 33
f: 33, 33, 5, 34
f: 34, 34, 10, 35
f: 35, 35, 10, 36
f: 36, 36, 10, 34

i:BothUp,32








